21.255529037250366
21.88946742131733
22.1083839230054
24.039104299933342
24.16801061227216
23.866228471597093
23.481534923294163
23.16142792497177
23.08334676867311
23.00490253444564
22.93887350262003
23.097922339365383
23.427178863544185
23.656716450678413
23.688412284295246
23.836984390905123
24.31974701617953
24.846898532294922
25.055677226359734
25.135092624174167
25.170741185481734
25.158865213460295
25.25886952868281
24.717546257670346
25.00116455098867
24.728635655188565
24.956630091727806
24.97410237653766
25.074438612305585
25.093206669512707
25.079593875184436
25.737665922222313
25.74940981100331
25.75489541290884
25.755560006221014
25.755100226186475
25.753045008865374
25.752540293436752
25.753626869719778
25.755978288047245
25.7578444980289
25.76334776475925
25.765359963445533
25.767810709640006
25.771775805795176
25.776910979270184
25.78110085665466
25.783213352808442
25.78760521182919
25.793656818899095
25.796746027781197
25.801711123719386
25.805801938920723
25.809006127518774
25.814280022280517
25.81669579433299
25.820200889056064
25.824301434594805
25.828408251066694
25.83238450484059
25.83526486905912
25.918993362745642
25.91899203965347
25.919018870233074
25.918970629454645
25.91904339257478
25.91920801889562
25.919394986249312
25.919654034413988
25.9199547342452
25.920316251592602
25.920654721905297
25.920995254601213
25.92136250961874
25.921832983979158
25.9222426667783
25.922639289154485
25.923030147012707
25.923515418614603
25.924037100953242
25.924454505481528
25.924863885320953
25.92535435781736
25.92582603527642
25.926271917286503
25.926725561182355
25.92717986642286
25.927641467027232
25.92809496184717
25.928547872629856
25.928988679373628
25.941616867205333
25.942440210041227
25.942825307431473
25.943059035916832
25.943219684364518
25.94333968583589
25.94343756910025
25.943515062781497
25.943580984300883
