20.332584926547284
23.69902395171199
24.186577261741448
24.26995309801609
24.3452115212113
24.387644707204398
24.330840533248853
24.07893557116639
23.903951549875096
23.73663813756531
23.72285433233667
23.656142875555958
23.627330451409456
23.541119975974667
23.443071156240745
23.48035887350351
23.50481579832719
23.60325128114131
23.723947418327548
23.913085497679113
24.107267384705114
24.29366359268456
24.479924774439578
24.782239685107193
24.879049432602994
24.987942773404487
25.120135198242515
25.174335989898008
25.19954737796937
25.202689035789664
25.213238017741343
25.766268922149624
25.750050865579315
25.73272211814895
25.718743536350118
25.711239414410617
25.705245705218047
25.708973164937653
25.71229417681611
25.717419876567156
25.718620109852935
25.72365332597092
25.728863370185394
25.73235143626521
25.736688963870638
25.73955861476631
25.74274822386064
25.748751005674
25.75074874386185
25.755246019338415
25.76336737973598
25.767672346072658
25.768118210196043
25.770013630060706
25.76837595716706
25.769142532599187
25.768212299743023
25.76902708891899
25.76971612265905
25.770378120130452
25.77081855837374
25.92300025427439
25.92325901070932
25.923391835330605
25.923495494044932
25.923604374966335
25.9237054099363
25.92379904081564
25.923939321942793
25.92400707622599
25.92415599134436
25.924429041347576
25.92455870663765
25.924795933994893
25.92488426603196
25.925031952526375
25.925281378399816
25.925410272367813
25.925519059070865
25.925700518046433
25.9258591104082
25.92605359756382
25.9262854720314
25.92641561118722
25.926549167990537
25.926733521655883
25.92695237082192
25.927201105642876
25.927344707612818
25.927536039603226
25.927733449169438
25.924972849091308
25.925050481880817
25.925143133424235
25.92521455419392
25.92526603421793
25.925305815213328
25.925334957050655
25.92536195221544
25.925384203323496
